3.253729629516601562e+01
3.252632522583007812e+01
3.251598358154296875e+01
3.250718307495117188e+01
3.249959182739257812e+01
3.249279785156250000e+01
3.248836898803710938e+01
3.249118804931640625e+01
3.250439071655273438e+01
3.252861404418945312e+01
3.255451583862304688e+01
3.257627868652343750e+01
3.259163284301757812e+01
3.260099029541015625e+01
3.260456466674804688e+01
3.260371780395507812e+01
3.259881210327148438e+01
3.259039688110351562e+01
3.258075332641601562e+01
3.257107543945312500e+01
3.256289672851562500e+01
3.255546188354492188e+01
3.254906082153320312e+01
3.254708099365234375e+01
3.254393386840820312e+01
3.252692794799804688e+01
3.251519012451171875e+01
3.251128005981445312e+01
3.247581863403320312e+01
3.245488739013671875e+01
3.239511108398437500e+01
3.211474227905273438e+01
3.181239128112792969e+01
3.176907157897949219e+01
3.194042015075683594e+01
3.214154052734375000e+01
3.228666305541992188e+01
3.094608306884765625e+01
3.044733810424804688e+01
3.006877136230468750e+01
2.987963294982910156e+01
2.990216255187988281e+01
3.000178718566894531e+01
3.005984306335449219e+01
2.999663162231445312e+01
2.983296966552734375e+01
2.935245513916015625e+01
2.907943153381347656e+01
2.898516845703125000e+01
2.901203918457031250e+01
2.921077919006347656e+01
0.000000000000000000e+00
0.000000000000000000e+00
0.000000000000000000e+00
0.000000000000000000e+00
0.000000000000000000e+00
2.650417709350585938e+01
0.000000000000000000e+00
0.000000000000000000e+00
0.000000000000000000e+00
0.000000000000000000e+00
0.000000000000000000e+00
0.000000000000000000e+00
0.000000000000000000e+00
0.000000000000000000e+00
0.000000000000000000e+00
0.000000000000000000e+00
0.000000000000000000e+00
0.000000000000000000e+00
0.000000000000000000e+00
