3.250081253051757812e+01
3.249229049682617188e+01
3.248897171020507812e+01
3.249149322509765625e+01
3.250186157226562500e+01
3.252466583251953125e+01
3.255390548706054688e+01
3.257596588134765625e+01
3.258808517456054688e+01
3.259610366821289062e+01
3.260290527343750000e+01
3.261091995239257812e+01
3.262003707885742188e+01
3.263096618652343750e+01
3.264025497436523438e+01
3.263752365112304688e+01
3.261896896362304688e+01
3.259423828125000000e+01
3.257554626464843750e+01
3.256550979614257812e+01
3.256141281127929688e+01
3.255815124511718750e+01
3.255104064941406250e+01
3.253951644897460938e+01
3.253314971923828125e+01
3.252997970581054688e+01
3.252228164672851562e+01
3.252832412719726562e+01
3.253852081298828125e+01
3.254444122314453125e+01
3.253270721435546875e+01
3.247547531127929688e+01
3.223898696899414062e+01
3.173220252990722656e+01
3.126052856445312500e+01
3.088815498352050781e+01
3.064015197753906250e+01
3.051545524597167969e+01
3.026075553894042969e+01
2.993082427978515625e+01
2.965254974365234375e+01
2.953420257568359375e+01
2.928728294372558594e+01
2.927805137634277344e+01
2.934897994995117188e+01
2.932373809814453125e+01
2.943797874450683594e+01
2.947276115417480469e+01
2.912987709045410156e+01
2.819411659240722656e+01
2.801602745056152344e+01
0.000000000000000000e+00
0.000000000000000000e+00
2.721097373962402344e+01
0.000000000000000000e+00
1.242197322845458984e+01
0.000000000000000000e+00
0.000000000000000000e+00
0.000000000000000000e+00
0.000000000000000000e+00
0.000000000000000000e+00
0.000000000000000000e+00
0.000000000000000000e+00
0.000000000000000000e+00
0.000000000000000000e+00
0.000000000000000000e+00
0.000000000000000000e+00
0.000000000000000000e+00
0.000000000000000000e+00
0.000000000000000000e+00
