3.257343292236328125e+01
3.256016540527343750e+01
3.254547119140625000e+01
3.253026580810546875e+01
3.251933288574218750e+01
3.251415252685546875e+01
3.251523208618164062e+01
3.252157974243164062e+01
3.253095245361328125e+01
3.254135131835937500e+01
3.255155181884765625e+01
3.256143188476562500e+01
3.257627105712890625e+01
3.259717559814453125e+01
3.261949920654296875e+01
3.263694763183593750e+01
3.264883041381835938e+01
3.265974044799804688e+01
3.265496063232421875e+01
3.263153457641601562e+01
3.260406112670898438e+01
3.258224868774414062e+01
3.256269073486328125e+01
3.254236984252929688e+01
3.252769470214843750e+01
3.251999664306640625e+01
3.251843643188476562e+01
3.252004623413085938e+01
3.252113342285156250e+01
3.252101516723632812e+01
3.252088165283203125e+01
3.252454757690429688e+01
3.253566741943359375e+01
3.254997634887695312e+01
3.256986999511718750e+01
3.257342147827148438e+01
3.251662063598632812e+01
3.216513824462890625e+01
3.152088737487792969e+01
3.095158386230468750e+01
3.063903617858886719e+01
3.038852119445800781e+01
3.016073799133300781e+01
2.997425651550292969e+01
2.986780166625976562e+01
3.008796501159667969e+01
3.021860694885253906e+01
2.958120155334472656e+01
2.931849479675292969e+01
2.950621414184570312e+01
2.945700073242187500e+01
2.951793670654296875e+01
2.956255722045898438e+01
2.070727729797363281e+01
2.834112358093261719e+01
3.878127038478851318e-01
2.449967384338378906e+01
0.000000000000000000e+00
0.000000000000000000e+00
0.000000000000000000e+00
0.000000000000000000e+00
0.000000000000000000e+00
0.000000000000000000e+00
0.000000000000000000e+00
0.000000000000000000e+00
0.000000000000000000e+00
0.000000000000000000e+00
0.000000000000000000e+00
0.000000000000000000e+00
2.748628616333007812e+01
