3.251652526855468750e+01
3.250440216064453125e+01
3.249557113647460938e+01
3.248974609375000000e+01
3.248795700073242188e+01
3.249237823486328125e+01
3.250683212280273438e+01
3.253109741210937500e+01
3.255965805053710938e+01
3.258263015747070312e+01
3.259965133666992188e+01
3.261150360107421875e+01
3.261997222900390625e+01
3.262338638305664062e+01
3.262098693847656250e+01
3.261272430419921875e+01
3.259838867187500000e+01
3.258205032348632812e+01
3.256837081909179688e+01
3.255965042114257812e+01
3.255512237548828125e+01
3.255437850952148438e+01
3.255628967285156250e+01
3.255200195312500000e+01
3.253866195678710938e+01
3.252807235717773438e+01
3.252208709716796875e+01
3.250002670288085938e+01
3.248495101928710938e+01
3.250749969482421875e+01
3.250373077392578125e+01
3.200821304321289062e+01
3.147419166564941406e+01
3.147844505310058594e+01
3.155058288574218750e+01
3.173212051391601562e+01
3.183368492126464844e+01
3.159198951721191406e+01
3.149198913574218750e+01
3.150217628479003906e+01
3.160092735290527344e+01
3.019850730895996094e+01
2.996625137329101562e+01
2.974817657470703125e+01
2.944065475463867188e+01
2.938068008422851562e+01
2.918821525573730469e+01
2.897673988342285156e+01
2.875045776367187500e+01
1.543820762634277344e+01
2.842352104187011719e+01
0.000000000000000000e+00
0.000000000000000000e+00
2.794589233398437500e+01
0.000000000000000000e+00
0.000000000000000000e+00
0.000000000000000000e+00
0.000000000000000000e+00
0.000000000000000000e+00
0.000000000000000000e+00
0.000000000000000000e+00
0.000000000000000000e+00
0.000000000000000000e+00
0.000000000000000000e+00
0.000000000000000000e+00
0.000000000000000000e+00
0.000000000000000000e+00
0.000000000000000000e+00
0.000000000000000000e+00
0.000000000000000000e+00
