3.254074096679687500e+01
3.253097915649414062e+01
3.251966857910156250e+01
3.250937271118164062e+01
3.250204086303710938e+01
3.249545288085937500e+01
3.248953628540039062e+01
3.248814392089843750e+01
3.249427795410156250e+01
3.251174545288085938e+01
3.253723907470703125e+01
3.255918121337890625e+01
3.257872772216796875e+01
3.259177017211914062e+01
3.259787368774414062e+01
3.259935760498046875e+01
3.259696197509765625e+01
3.259148788452148438e+01
3.258422851562500000e+01
3.257638931274414062e+01
3.256828689575195312e+01
3.256008148193359375e+01
3.255157470703125000e+01
3.254626464843750000e+01
3.254354095458984375e+01
3.252763748168945312e+01
3.251137924194335938e+01
3.251024627685546875e+01
3.249005126953125000e+01
3.244139862060546875e+01
3.237197875976562500e+01
3.218349838256835938e+01
3.199134063720703125e+01
3.198633575439453125e+01
3.212380218505859375e+01
3.223629379272460938e+01
3.233462524414062500e+01
3.089597892761230469e+01
3.027270317077636719e+01
2.985245323181152344e+01
2.982875251770019531e+01
3.005816650390625000e+01
3.026110267639160156e+01
3.032399940490722656e+01
3.016246414184570312e+01
2.990560150146484375e+01
2.909696388244628906e+01
2.878880882263183594e+01
2.880686950683593750e+01
2.890593719482421875e+01
2.881907463073730469e+01
2.612505531311035156e+01
1.797293782234191895e+00
0.000000000000000000e+00
0.000000000000000000e+00
2.506150436401367188e+01
0.000000000000000000e+00
0.000000000000000000e+00
0.000000000000000000e+00
0.000000000000000000e+00
0.000000000000000000e+00
0.000000000000000000e+00
0.000000000000000000e+00
0.000000000000000000e+00
0.000000000000000000e+00
0.000000000000000000e+00
0.000000000000000000e+00
0.000000000000000000e+00
0.000000000000000000e+00
0.000000000000000000e+00
