3.257249832153320312e+01
3.256971740722656250e+01
3.256474304199218750e+01
3.255332183837890625e+01
3.253506851196289062e+01
3.251628494262695312e+01
3.250653457641601562e+01
3.250864410400390625e+01
3.251301193237304688e+01
3.251372146606445312e+01
3.251502609252929688e+01
3.251769256591796875e+01
3.252159500122070312e+01
3.252560043334960938e+01
3.252906799316406250e+01
3.253301239013671875e+01
3.253713226318359375e+01
3.254090118408203125e+01
3.254398727416992188e+01
3.254546737670898438e+01
3.254458618164062500e+01
3.254153823852539062e+01
3.253523635864257812e+01
3.252468490600585938e+01
3.251231765747070312e+01
3.250616836547851562e+01
3.251599502563476562e+01
3.253335571289062500e+01
3.253731155395507812e+01
3.252313995361328125e+01
3.250774383544921875e+01
3.245309066772460938e+01
3.223667144775390625e+01
3.198893928527832031e+01
3.190050315856933594e+01
3.189843368530273438e+01
3.133402442932128906e+01
3.024522209167480469e+01
3.005492973327636719e+01
3.039470481872558594e+01
3.057478713989257812e+01
3.041215324401855469e+01
3.024173927307128906e+01
2.995407867431640625e+01
2.937414932250976562e+01
2.880859375000000000e+01
2.849507904052734375e+01
2.855537414550781250e+01
2.786439132690429688e+01
2.732886123657226562e+01
2.759371566772460938e+01
2.758838272094726562e+01
2.750747299194335938e+01
2.744168281555175781e+01
2.738368225097656250e+01
7.025143623352050781e+00
0.000000000000000000e+00
0.000000000000000000e+00
0.000000000000000000e+00
0.000000000000000000e+00
0.000000000000000000e+00
0.000000000000000000e+00
0.000000000000000000e+00
0.000000000000000000e+00
0.000000000000000000e+00
0.000000000000000000e+00
0.000000000000000000e+00
0.000000000000000000e+00
0.000000000000000000e+00
0.000000000000000000e+00
