3.260860061645507812e+01
3.258604812622070312e+01
3.257140731811523438e+01
3.255786514282226562e+01
3.254438018798828125e+01
3.253266143798828125e+01
3.252478408813476562e+01
3.252271652221679688e+01
3.252540969848632812e+01
3.253100204467773438e+01
3.253934097290039062e+01
3.255109786987304688e+01
3.256819152832031250e+01
3.259040832519531250e+01
3.261330032348632812e+01
3.263396453857421875e+01
3.265014648437500000e+01
3.265995407104492188e+01
3.266696548461914062e+01
3.265692138671875000e+01
3.263363265991210938e+01
3.261049270629882812e+01
3.259598159790039062e+01
3.258643722534179688e+01
3.257412338256835938e+01
3.256343841552734375e+01
3.255366897583007812e+01
3.254846191406250000e+01
3.255060577392578125e+01
3.255563735961914062e+01
3.256319427490234375e+01
3.257291793823242188e+01
3.257880401611328125e+01
3.258124160766601562e+01
3.258752822875976562e+01
3.259241104125976562e+01
3.257751464843750000e+01
3.252310180664062500e+01
3.234832000732421875e+01
3.210308074951171875e+01
3.180080986022949219e+01
3.141767883300781250e+01
3.109983062744140625e+01
3.084312629699707031e+01
3.066905021667480469e+01
3.074344062805175781e+01
3.033351707458496094e+01
2.925339508056640625e+01
2.932974624633789062e+01
2.952351760864257812e+01
2.948893737792968750e+01
2.940236282348632812e+01
2.917705535888671875e+01
1.749387359619140625e+01
0.000000000000000000e+00
0.000000000000000000e+00
0.000000000000000000e+00
0.000000000000000000e+00
0.000000000000000000e+00
0.000000000000000000e+00
0.000000000000000000e+00
0.000000000000000000e+00
0.000000000000000000e+00
0.000000000000000000e+00
0.000000000000000000e+00
0.000000000000000000e+00
0.000000000000000000e+00
0.000000000000000000e+00
0.000000000000000000e+00
1.714913177490234375e+01
