3.251066589355468750e+01
3.249950027465820312e+01
3.249200820922851562e+01
3.248777389526367188e+01
3.248908233642578125e+01
3.249756240844726562e+01
3.251818466186523438e+01
3.254502487182617188e+01
3.257168960571289062e+01
3.259155654907226562e+01
3.260568618774414062e+01
3.261653518676757812e+01
3.262447357177734375e+01
3.262797546386718750e+01
3.262507247924804688e+01
3.261489486694335938e+01
3.259885406494140625e+01
3.258140945434570312e+01
3.256827926635742188e+01
3.256012344360351562e+01
3.255664062500000000e+01
3.255704879760742188e+01
3.255768203735351562e+01
3.255044174194335938e+01
3.253625488281250000e+01
3.252870178222656250e+01
3.252112197875976562e+01
3.250206375122070312e+01
3.249106597900390625e+01
3.250835037231445312e+01
3.251219558715820312e+01
3.205508422851562500e+01
3.144916725158691406e+01
3.140085983276367188e+01
3.156088829040527344e+01
3.168743133544921875e+01
3.181037521362304688e+01
3.169995689392089844e+01
3.161618232727050781e+01
3.174234771728515625e+01
3.166332626342773438e+01
3.010533714294433594e+01
2.981503868103027344e+01
2.964947319030761719e+01
2.952379035949707031e+01
2.933312988281250000e+01
2.935370254516601562e+01
2.928067779541015625e+01
2.896385383605957031e+01
2.856731796264648438e+01
2.836031532287597656e+01
8.523867607116699219e+00
1.282671642303466797e+01
1.975152206420898438e+01
0.000000000000000000e+00
0.000000000000000000e+00
0.000000000000000000e+00
0.000000000000000000e+00
0.000000000000000000e+00
0.000000000000000000e+00
0.000000000000000000e+00
0.000000000000000000e+00
0.000000000000000000e+00
0.000000000000000000e+00
0.000000000000000000e+00
0.000000000000000000e+00
0.000000000000000000e+00
0.000000000000000000e+00
0.000000000000000000e+00
0.000000000000000000e+00
