3.256237030029296875e+01
3.255390930175781250e+01
3.254221725463867188e+01
3.252999114990234375e+01
3.252265548706054688e+01
3.251854324340820312e+01
3.251514053344726562e+01
3.251262283325195312e+01
3.251155090332031250e+01
3.251169586181640625e+01
3.251076126098632812e+01
3.250939941406250000e+01
3.250996780395507812e+01
3.251321792602539062e+01
3.251926803588867188e+01
3.252805328369140625e+01
3.253794479370117188e+01
3.254644775390625000e+01
3.255260086059570312e+01
3.255634307861328125e+01
3.255716323852539062e+01
3.255442047119140625e+01
3.254870223999023438e+01
3.253883743286132812e+01
3.252109146118164062e+01
3.249922561645507812e+01
3.248604583740234375e+01
3.248665618896484375e+01
3.248664093017578125e+01
3.248591995239257812e+01
3.250028991699218750e+01
3.252696609497070312e+01
3.255271148681640625e+01
3.256904983520507812e+01
3.256046295166015625e+01
3.225607681274414062e+01
3.097259521484375000e+01
2.988335609436035156e+01
2.962427139282226562e+01
2.976773834228515625e+01
3.013202857971191406e+01
3.044108963012695312e+01
3.044869041442871094e+01
3.020302963256835938e+01
2.980798530578613281e+01
2.931378364562988281e+01
2.908073616027832031e+01
2.857613182067871094e+01
2.749987983703613281e+01
2.750068473815917969e+01
0.000000000000000000e+00
0.000000000000000000e+00
0.000000000000000000e+00
0.000000000000000000e+00
2.386562108993530273e+00
2.706937408447265625e+01
0.000000000000000000e+00
0.000000000000000000e+00
0.000000000000000000e+00
0.000000000000000000e+00
0.000000000000000000e+00
0.000000000000000000e+00
0.000000000000000000e+00
0.000000000000000000e+00
0.000000000000000000e+00
0.000000000000000000e+00
0.000000000000000000e+00
0.000000000000000000e+00
0.000000000000000000e+00
0.000000000000000000e+00
