3.260659408569335938e+01
3.261985397338867188e+01
3.263567352294921875e+01
3.265756607055664062e+01
3.268166732788085938e+01
3.270788955688476562e+01
3.273331451416015625e+01
3.275509643554687500e+01
3.276788711547851562e+01
3.277365493774414062e+01
3.277455139160156250e+01
3.277444458007812500e+01
3.277097702026367188e+01
3.276481246948242188e+01
3.275645065307617188e+01
3.274894714355468750e+01
3.274780273437500000e+01
3.275009155273437500e+01
3.274359512329101562e+01
3.273216629028320312e+01
3.272176742553710938e+01
3.271563339233398438e+01
3.271480941772460938e+01
3.271056747436523438e+01
3.269782638549804688e+01
3.269047546386718750e+01
3.270443344116210938e+01
3.271908569335937500e+01
3.271366500854492188e+01
3.269334030151367188e+01
3.267455673217773438e+01
3.266678619384765625e+01
3.263399887084960938e+01
3.254224395751953125e+01
3.252101516723632812e+01
3.256255722045898438e+01
3.255347442626953125e+01
3.259121704101562500e+01
3.234276580810546875e+01
3.165593910217285156e+01
3.132637023925781250e+01
3.114917182922363281e+01
3.065111160278320312e+01
2.991084289550781250e+01
2.968069076538085938e+01
3.006949234008789062e+01
3.057493400573730469e+01
3.102173233032226562e+01
3.138042449951171875e+01
3.156763076782226562e+01
3.089026260375976562e+01
3.014101219177246094e+01
2.994997978210449219e+01
2.989304924011230469e+01
2.951405715942382812e+01
2.913159179687500000e+01
2.973715400695800781e+01
0.000000000000000000e+00
0.000000000000000000e+00
0.000000000000000000e+00
0.000000000000000000e+00
0.000000000000000000e+00
0.000000000000000000e+00
0.000000000000000000e+00
0.000000000000000000e+00
0.000000000000000000e+00
0.000000000000000000e+00
0.000000000000000000e+00
0.000000000000000000e+00
0.000000000000000000e+00
