3.253664016723632812e+01
3.252120208740234375e+01
3.250906372070312500e+01
3.250313186645507812e+01
3.250481414794921875e+01
3.251536560058593750e+01
3.253171539306640625e+01
3.254689025878906250e+01
3.256019592285156250e+01
3.257265090942382812e+01
3.258375930786132812e+01
3.259317016601562500e+01
3.260368347167968750e+01
3.261569976806640625e+01
3.262830734252929688e+01
3.264198303222656250e+01
3.265188598632812500e+01
3.264141464233398438e+01
3.261431884765625000e+01
3.258769226074218750e+01
3.256609344482421875e+01
3.254862594604492188e+01
3.253958129882812500e+01
3.253392791748046875e+01
3.252869415283203125e+01
3.253115081787109375e+01
3.253965759277343750e+01
3.254182434082031250e+01
3.253931045532226562e+01
3.254000473022460938e+01
3.254007720947265625e+01
3.253175354003906250e+01
3.252736663818359375e+01
3.254462051391601562e+01
3.253071975708007812e+01
3.237352371215820312e+01
3.177145576477050781e+01
3.093361663818359375e+01
3.041071701049804688e+01
3.010173988342285156e+01
2.993802070617675781e+01
2.978347396850585938e+01
2.965337181091308594e+01
2.944769477844238281e+01
2.932594299316406250e+01
2.940176391601562500e+01
2.948297500610351562e+01
3.001308822631835938e+01
2.990763473510742188e+01
2.957693099975585938e+01
2.895784568786621094e+01
2.848227691650390625e+01
0.000000000000000000e+00
2.732135391235351562e+01
2.575949859619140625e+01
2.784320640563964844e+01
0.000000000000000000e+00
0.000000000000000000e+00
0.000000000000000000e+00
0.000000000000000000e+00
0.000000000000000000e+00
0.000000000000000000e+00
0.000000000000000000e+00
0.000000000000000000e+00
0.000000000000000000e+00
0.000000000000000000e+00
0.000000000000000000e+00
0.000000000000000000e+00
0.000000000000000000e+00
0.000000000000000000e+00
