3.268344116210937500e+01
3.267335128784179688e+01
3.266360092163085938e+01
3.264970016479492188e+01
3.263262939453125000e+01
3.261551284790039062e+01
3.260003280639648438e+01
3.258761978149414062e+01
3.257957839965820312e+01
3.257649993896484375e+01
3.257733154296875000e+01
3.258289718627929688e+01
3.259410858154296875e+01
3.261118698120117188e+01
3.263147354125976562e+01
3.264838790893554688e+01
3.265948867797851562e+01
3.267318725585937500e+01
3.267900848388671875e+01
3.268178939819335938e+01
3.267688369750976562e+01
3.266511917114257812e+01
3.265183258056640625e+01
3.263641738891601562e+01
3.262786102294921875e+01
3.263229370117187500e+01
3.264648818969726562e+01
3.266145324707031250e+01
3.266906356811523438e+01
3.266798782348632812e+01
3.265964126586914062e+01
3.264546966552734375e+01
3.262921524047851562e+01
3.261676788330078125e+01
3.261072158813476562e+01
3.261381149291992188e+01
3.262324142456054688e+01
3.263215637207031250e+01
3.262959671020507812e+01
3.259960556030273438e+01
3.249416351318359375e+01
3.192272186279296875e+01
3.123354530334472656e+01
3.127902221679687500e+01
3.088398170471191406e+01
2.943974685668945312e+01
2.908069610595703125e+01
2.928176307678222656e+01
2.948591041564941406e+01
2.954584121704101562e+01
2.937461471557617188e+01
2.874800109863281250e+01
2.820536613464355469e+01
2.782685279846191406e+01
0.000000000000000000e+00
0.000000000000000000e+00
0.000000000000000000e+00
0.000000000000000000e+00
0.000000000000000000e+00
0.000000000000000000e+00
0.000000000000000000e+00
0.000000000000000000e+00
0.000000000000000000e+00
0.000000000000000000e+00
0.000000000000000000e+00
1.206318473815917969e+01
0.000000000000000000e+00
0.000000000000000000e+00
0.000000000000000000e+00
0.000000000000000000e+00
