3.260410690307617188e+01
3.260433578491210938e+01
3.260543060302734375e+01
3.260977172851562500e+01
3.261651611328125000e+01
3.263024520874023438e+01
3.265036392211914062e+01
3.268082809448242188e+01
3.271347808837890625e+01
3.273936462402343750e+01
3.275930404663085938e+01
3.277209091186523438e+01
3.277854919433593750e+01
3.278005599975585938e+01
3.277881622314453125e+01
3.277733230590820312e+01
3.277572631835937500e+01
3.276970291137695312e+01
3.275886917114257812e+01
3.274692535400390625e+01
3.273417282104492188e+01
3.272698211669921875e+01
3.272709274291992188e+01
3.272397994995117188e+01
3.271083450317382812e+01
3.269923019409179688e+01
3.270882034301757812e+01
3.272542953491210938e+01
3.272732925415039062e+01
3.271637344360351562e+01
3.269881820678710938e+01
3.267905426025390625e+01
3.265164947509765625e+01
3.261510848999023438e+01
3.252868652343750000e+01
3.252972030639648438e+01
3.258559417724609375e+01
3.258258819580078125e+01
3.252120971679687500e+01
3.239548873901367188e+01
3.136507034301757812e+01
3.089559936523437500e+01
3.066918945312500000e+01
3.011238288879394531e+01
2.987769699096679688e+01
3.032678222656250000e+01
3.134741210937500000e+01
3.183136367797851562e+01
3.158507728576660156e+01
3.110834693908691406e+01
3.087141227722167969e+01
3.060821533203125000e+01
3.029553222656250000e+01
3.006497192382812500e+01
2.999013710021972656e+01
2.999470710754394531e+01
3.012098503112792969e+01
0.000000000000000000e+00
0.000000000000000000e+00
0.000000000000000000e+00
0.000000000000000000e+00
0.000000000000000000e+00
0.000000000000000000e+00
0.000000000000000000e+00
0.000000000000000000e+00
0.000000000000000000e+00
0.000000000000000000e+00
0.000000000000000000e+00
0.000000000000000000e+00
0.000000000000000000e+00
