3.250565719604492188e+01
3.249578094482421875e+01
3.249143981933593750e+01
3.249356079101562500e+01
3.250425720214843750e+01
3.252584838867187500e+01
3.255327606201171875e+01
3.257246398925781250e+01
3.258310699462890625e+01
3.259046173095703125e+01
3.259823608398437500e+01
3.260681533813476562e+01
3.261616516113281250e+01
3.262694549560546875e+01
3.263935089111328125e+01
3.264339828491210938e+01
3.262947845458984375e+01
3.260375595092773438e+01
3.258132553100585938e+01
3.256744766235351562e+01
3.256065368652343750e+01
3.255739212036132812e+01
3.255131912231445312e+01
3.253956222534179688e+01
3.253313446044921875e+01
3.253256988525390625e+01
3.252575302124023438e+01
3.253139495849609375e+01
3.254010772705078125e+01
3.253897094726562500e+01
3.253390502929687500e+01
3.252497863769531250e+01
3.244034194946289062e+01
3.213149642944335938e+01
3.164396286010742188e+01
3.120532608032226562e+01
3.089449119567871094e+01
3.058579444885253906e+01
3.030007553100585938e+01
2.993116188049316406e+01
2.961625480651855469e+01
2.951461029052734375e+01
2.932586669921875000e+01
2.924364662170410156e+01
2.924180221557617188e+01
2.923915863037109375e+01
2.944325637817382812e+01
2.944058799743652344e+01
2.938004302978515625e+01
2.874481773376464844e+01
2.804028129577636719e+01
2.807980918884277344e+01
0.000000000000000000e+00
2.619835472106933594e+01
2.641959953308105469e+01
1.080389991402626038e-01
0.000000000000000000e+00
0.000000000000000000e+00
0.000000000000000000e+00
0.000000000000000000e+00
0.000000000000000000e+00
0.000000000000000000e+00
0.000000000000000000e+00
0.000000000000000000e+00
0.000000000000000000e+00
0.000000000000000000e+00
0.000000000000000000e+00
0.000000000000000000e+00
0.000000000000000000e+00
0.000000000000000000e+00
