3.250518798828125000e+01
3.249512100219726562e+01
3.248916244506835938e+01
3.248743057250976562e+01
3.249173355102539062e+01
3.250509262084960938e+01
3.253002548217773438e+01
3.255829620361328125e+01
3.258180236816406250e+01
3.259782028198242188e+01
3.260935211181640625e+01
3.261934661865234375e+01
3.262725830078125000e+01
3.263183212280273438e+01
3.262988281250000000e+01
3.261878585815429688e+01
3.260102844238281250e+01
3.258198928833007812e+01
3.256874847412109375e+01
3.256140136718750000e+01
3.255828857421875000e+01
3.255850982666015625e+01
3.255689239501953125e+01
3.254727935791015625e+01
3.253436660766601562e+01
3.252916717529296875e+01
3.251989746093750000e+01
3.250663375854492188e+01
3.250009536743164062e+01
3.251621246337890625e+01
3.252592086791992188e+01
3.215459442138671875e+01
3.148237991333007812e+01
3.128000450134277344e+01
3.145574188232421875e+01
3.166067314147949219e+01
3.175514984130859375e+01
3.177532005310058594e+01
3.179419708251953125e+01
3.180033302307128906e+01
3.124088668823242188e+01
2.998220252990722656e+01
2.964864730834960938e+01
2.953689002990722656e+01
2.957464981079101562e+01
2.934831047058105469e+01
2.945500564575195312e+01
2.942419815063476562e+01
2.915002822875976562e+01
2.865432548522949219e+01
2.816924858093261719e+01
1.614222335815429688e+01
2.795749664306640625e+01
2.436142539978027344e+01
6.855283379554748535e-01
0.000000000000000000e+00
0.000000000000000000e+00
0.000000000000000000e+00
0.000000000000000000e+00
0.000000000000000000e+00
0.000000000000000000e+00
0.000000000000000000e+00
0.000000000000000000e+00
0.000000000000000000e+00
0.000000000000000000e+00
0.000000000000000000e+00
0.000000000000000000e+00
0.000000000000000000e+00
0.000000000000000000e+00
0.000000000000000000e+00
