3.260148239135742188e+01
3.260544967651367188e+01
3.261344909667968750e+01
3.262487030029296875e+01
3.264115524291992188e+01
3.266255950927734375e+01
3.269006347656250000e+01
3.272018432617187500e+01
3.274655151367187500e+01
3.276194000244140625e+01
3.277206802368164062e+01
3.277754592895507812e+01
3.277810668945312500e+01
3.277442932128906250e+01
3.276826477050781250e+01
3.276396942138671875e+01
3.276363754272460938e+01
3.276144027709960938e+01
3.275143814086914062e+01
3.273960113525390625e+01
3.272809600830078125e+01
3.272126770019531250e+01
3.272111892700195312e+01
3.271767807006835938e+01
3.270429229736328125e+01
3.269503402709960938e+01
3.270760726928710938e+01
3.272304153442382812e+01
3.272124099731445312e+01
3.270545578002929688e+01
3.268719100952148438e+01
3.267567825317382812e+01
3.265193939208984375e+01
3.257215881347656250e+01
3.251880264282226562e+01
3.256211471557617188e+01
3.259055709838867188e+01
3.257096099853515625e+01
3.235858535766601562e+01
3.187354087829589844e+01
3.118692016601562500e+01
3.100711059570312500e+01
3.069798660278320312e+01
3.001794815063476562e+01
2.978401565551757812e+01
3.018714714050292969e+01
3.089396476745605469e+01
3.140928649902343750e+01
3.159759140014648438e+01
3.132209396362304688e+01
3.089043998718261719e+01
3.040731430053710938e+01
3.009081459045410156e+01
2.999083328247070312e+01
2.995956420898437500e+01
2.978801918029785156e+01
2.996155738830566406e+01
0.000000000000000000e+00
0.000000000000000000e+00
0.000000000000000000e+00
0.000000000000000000e+00
0.000000000000000000e+00
0.000000000000000000e+00
0.000000000000000000e+00
0.000000000000000000e+00
0.000000000000000000e+00
0.000000000000000000e+00
0.000000000000000000e+00
0.000000000000000000e+00
0.000000000000000000e+00
