3.258097457885742188e+01
3.257215499877929688e+01
3.256455993652343750e+01
3.255337905883789062e+01
3.253682327270507812e+01
3.251759338378906250e+01
3.250094223022460938e+01
3.248767471313476562e+01
3.248038101196289062e+01
3.248632431030273438e+01
3.250327301025390625e+01
3.251433563232421875e+01
3.251773452758789062e+01
3.252000808715820312e+01
3.252226638793945312e+01
3.252436065673828125e+01
3.252725982666015625e+01
3.252960968017578125e+01
3.253187561035156250e+01
3.253504180908203125e+01
3.253889083862304688e+01
3.254367065429687500e+01
3.254898834228515625e+01
3.255389022827148438e+01
3.255951309204101562e+01
3.256455612182617188e+01
3.256972503662109375e+01
3.257212829589843750e+01
3.257222366333007812e+01
3.256465911865234375e+01
3.248163604736328125e+01
3.211462020874023438e+01
3.145210647583007812e+01
3.081985664367675781e+01
3.044000625610351562e+01
3.045532608032226562e+01
3.058136367797851562e+01
3.060488700866699219e+01
3.059127807617187500e+01
3.053439903259277344e+01
3.038471603393554688e+01
3.019050025939941406e+01
3.001075363159179688e+01
2.998780250549316406e+01
2.985447692871093750e+01
2.973539543151855469e+01
2.927805900573730469e+01
2.893773460388183594e+01
2.877025413513183594e+01
2.840235900878906250e+01
2.047030258178710938e+01
0.000000000000000000e+00
0.000000000000000000e+00
0.000000000000000000e+00
0.000000000000000000e+00
0.000000000000000000e+00
0.000000000000000000e+00
0.000000000000000000e+00
0.000000000000000000e+00
0.000000000000000000e+00
0.000000000000000000e+00
0.000000000000000000e+00
0.000000000000000000e+00
0.000000000000000000e+00
0.000000000000000000e+00
0.000000000000000000e+00
0.000000000000000000e+00
0.000000000000000000e+00
0.000000000000000000e+00
nan
