3.260198211669921875e+01
3.260390090942382812e+01
3.260512542724609375e+01
3.260592269897460938e+01
3.260789108276367188e+01
3.261283493041992188e+01
3.262479019165039062e+01
3.264721298217773438e+01
3.267852401733398438e+01
3.271086502075195312e+01
3.273896026611328125e+01
3.276115036010742188e+01
3.277589035034179688e+01
3.278342056274414062e+01
3.278544616699218750e+01
3.278526687622070312e+01
3.278210830688476562e+01
3.277515792846679688e+01
3.276519393920898438e+01
3.275335693359375000e+01
3.273990631103515625e+01
3.273262023925781250e+01
3.273255920410156250e+01
3.272954177856445312e+01
3.271728134155273438e+01
3.270371246337890625e+01
3.270859146118164062e+01
3.272524261474609375e+01
3.273122024536132812e+01
3.272466659545898438e+01
3.270647430419921875e+01
3.266828918457031250e+01
3.261197280883789062e+01
3.260158157348632812e+01
3.256951522827148438e+01
3.250202178955078125e+01
3.251887512207031250e+01
3.252776336669921875e+01
3.252606964111328125e+01
3.252453613281250000e+01
3.180019187927246094e+01
3.089592552185058594e+01
3.062085533142089844e+01
3.020465087890625000e+01
2.999602508544921875e+01
3.048394012451171875e+01
3.150160217285156250e+01
3.180582237243652344e+01
3.138646507263183594e+01
3.108052825927734375e+01
3.090133285522460938e+01
3.069006919860839844e+01
3.048008728027343750e+01
3.017552757263183594e+01
3.001989364624023438e+01
3.003723526000976562e+01
3.018652915954589844e+01
3.026748085021972656e+01
0.000000000000000000e+00
0.000000000000000000e+00
0.000000000000000000e+00
0.000000000000000000e+00
0.000000000000000000e+00
0.000000000000000000e+00
0.000000000000000000e+00
0.000000000000000000e+00
0.000000000000000000e+00
0.000000000000000000e+00
0.000000000000000000e+00
0.000000000000000000e+00
