3.258592224121093750e+01
3.257150268554687500e+01
3.255825042724609375e+01
3.254348373413085938e+01
3.253068161010742188e+01
3.252137756347656250e+01
3.251744842529296875e+01
3.251949310302734375e+01
3.252550888061523438e+01
3.253339004516601562e+01
3.254299926757812500e+01
3.255403900146484375e+01
3.257015991210937500e+01
3.259214401245117188e+01
3.261542129516601562e+01
3.263579559326171875e+01
3.264910888671875000e+01
3.265968322753906250e+01
3.266272735595703125e+01
3.264538192749023438e+01
3.261880874633789062e+01
3.259682464599609375e+01
3.258147048950195312e+01
3.256486511230468750e+01
3.254528808593750000e+01
3.253201293945312500e+01
3.252446365356445312e+01
3.252239990234375000e+01
3.252249526977539062e+01
3.252506256103515625e+01
3.253057098388671875e+01
3.254247665405273438e+01
3.255510711669921875e+01
3.256489944458007812e+01
3.257807540893554688e+01
3.258399963378906250e+01
3.255689239501953125e+01
3.240261840820312500e+01
3.202174377441406250e+01
3.156748199462890625e+01
3.117952919006347656e+01
3.090170288085937500e+01
3.068542480468750000e+01
3.040602684020996094e+01
3.030422592163085938e+01
3.042582893371582031e+01
3.041493034362792969e+01
2.935352516174316406e+01
2.928372192382812500e+01
2.949414443969726562e+01
2.949904632568359375e+01
2.948869705200195312e+01
1.184181594848632812e+01
9.958228111267089844e+00
1.881409645080566406e+01
1.502614784240722656e+01
0.000000000000000000e+00
0.000000000000000000e+00
0.000000000000000000e+00
0.000000000000000000e+00
0.000000000000000000e+00
0.000000000000000000e+00
0.000000000000000000e+00
0.000000000000000000e+00
0.000000000000000000e+00
0.000000000000000000e+00
0.000000000000000000e+00
0.000000000000000000e+00
0.000000000000000000e+00
2.738459777832031250e+01
