3.250106430053710938e+01
3.249234008789062500e+01
3.248784255981445312e+01
3.248812484741210938e+01
3.249495697021484375e+01
3.251333236694335938e+01
3.254177093505859375e+01
3.256979751586914062e+01
3.258829879760742188e+01
3.260052490234375000e+01
3.261003494262695312e+01
3.261890792846679688e+01
3.262754821777343750e+01
3.263402557373046875e+01
3.263459014892578125e+01
3.262408828735351562e+01
3.260422515869140625e+01
3.258358383178710938e+01
3.257001495361328125e+01
3.256293106079101562e+01
3.255978775024414062e+01
3.255882263183593750e+01
3.255453491210937500e+01
3.254356384277343750e+01
3.253316879272460938e+01
3.252931976318359375e+01
3.251976776123046875e+01
3.251382064819335938e+01
3.251284408569335938e+01
3.252888870239257812e+01
3.253383636474609375e+01
3.228020095825195312e+01
3.164887428283691406e+01
3.121177864074707031e+01
3.120170974731445312e+01
3.144837379455566406e+01
3.167774581909179688e+01
3.177064704895019531e+01
3.167359352111816406e+01
3.131492614746093750e+01
3.049812507629394531e+01
2.977405738830566406e+01
2.948320960998535156e+01
2.949315834045410156e+01
2.958667945861816406e+01
2.936966133117675781e+01
2.950359725952148438e+01
2.951198005676269531e+01
2.912005043029785156e+01
2.837698936462402344e+01
2.797805213928222656e+01
2.805243301391601562e+01
0.000000000000000000e+00
7.570172309875488281e+00
2.739092254638671875e+01
0.000000000000000000e+00
0.000000000000000000e+00
0.000000000000000000e+00
0.000000000000000000e+00
0.000000000000000000e+00
0.000000000000000000e+00
0.000000000000000000e+00
0.000000000000000000e+00
0.000000000000000000e+00
0.000000000000000000e+00
0.000000000000000000e+00
0.000000000000000000e+00
0.000000000000000000e+00
0.000000000000000000e+00
0.000000000000000000e+00
