3.266202163696289062e+01
3.264160919189453125e+01
3.261675262451171875e+01
3.259572219848632812e+01
3.257985687255859375e+01
3.256610107421875000e+01
3.255369949340820312e+01
3.254507446289062500e+01
3.254213714599609375e+01
3.254359054565429688e+01
3.254889678955078125e+01
3.255944442749023438e+01
3.257509994506835938e+01
3.259655380249023438e+01
3.261861801147460938e+01
3.263610839843750000e+01
3.265257644653320312e+01
3.266520309448242188e+01
3.267139053344726562e+01
3.267304611206054688e+01
3.265992736816406250e+01
3.264107513427734375e+01
3.262210464477539062e+01
3.261131286621093750e+01
3.261038589477539062e+01
3.261530685424804688e+01
3.262189102172851562e+01
3.262746047973632812e+01
3.263139724731445312e+01
3.263298034667968750e+01
3.263235855102539062e+01
3.262604522705078125e+01
3.261523818969726562e+01
3.260694503784179688e+01
3.260214996337890625e+01
3.260449218750000000e+01
3.260858917236328125e+01
3.260150527954101562e+01
3.257745361328125000e+01
3.252431106567382812e+01
3.241341400146484375e+01
3.192967224121093750e+01
3.144032096862792969e+01
3.134597206115722656e+01
3.124748420715332031e+01
3.086712646484375000e+01
2.939745712280273438e+01
2.925078392028808594e+01
2.952441024780273438e+01
2.954134559631347656e+01
2.947431564331054688e+01
2.932166671752929688e+01
2.863391304016113281e+01
2.819502639770507812e+01
0.000000000000000000e+00
0.000000000000000000e+00
0.000000000000000000e+00
0.000000000000000000e+00
0.000000000000000000e+00
0.000000000000000000e+00
0.000000000000000000e+00
0.000000000000000000e+00
0.000000000000000000e+00
0.000000000000000000e+00
0.000000000000000000e+00
0.000000000000000000e+00
0.000000000000000000e+00
0.000000000000000000e+00
0.000000000000000000e+00
0.000000000000000000e+00
