3.254605865478515625e+01
3.253709030151367188e+01
3.253010177612304688e+01
3.252505111694335938e+01
3.251925277709960938e+01
3.251387786865234375e+01
3.250920867919921875e+01
3.250580978393554688e+01
3.250242614746093750e+01
3.249890518188476562e+01
3.249693298339843750e+01
3.249966049194335938e+01
3.250727081298828125e+01
3.251676940917968750e+01
3.252788543701171875e+01
3.253850936889648438e+01
3.254779052734375000e+01
3.255561447143554688e+01
3.256221389770507812e+01
3.256587600708007812e+01
3.256641006469726562e+01
3.256290817260742188e+01
3.255577850341796875e+01
3.254720687866210938e+01
3.253601074218750000e+01
3.251514816284179688e+01
3.248925399780273438e+01
3.247579574584960938e+01
3.247626495361328125e+01
3.249163436889648438e+01
3.251655197143554688e+01
3.253507232666015625e+01
3.253855895996093750e+01
3.254576492309570312e+01
3.256123733520507812e+01
3.228924942016601562e+01
3.064119148254394531e+01
2.991522979736328125e+01
2.970470237731933594e+01
2.972922325134277344e+01
2.997797012329101562e+01
3.034380531311035156e+01
3.056533622741699219e+01
3.044065475463867188e+01
3.013247489929199219e+01
2.945320701599121094e+01
2.861684417724609375e+01
2.756272125244140625e+01
2.734247970581054688e+01
2.731352233886718750e+01
0.000000000000000000e+00
0.000000000000000000e+00
0.000000000000000000e+00
1.712122344970703125e+01
1.528592014312744141e+01
0.000000000000000000e+00
1.194796323776245117e+00
0.000000000000000000e+00
0.000000000000000000e+00
0.000000000000000000e+00
0.000000000000000000e+00
0.000000000000000000e+00
0.000000000000000000e+00
0.000000000000000000e+00
0.000000000000000000e+00
0.000000000000000000e+00
0.000000000000000000e+00
0.000000000000000000e+00
0.000000000000000000e+00
0.000000000000000000e+00
