3.251359939575195312e+01
3.250133514404296875e+01
3.249517822265625000e+01
3.249612426757812500e+01
3.250487136840820312e+01
3.252377700805664062e+01
3.254795455932617188e+01
3.256590270996093750e+01
3.257661437988281250e+01
3.258534622192382812e+01
3.259400177001953125e+01
3.260337066650390625e+01
3.261272430419921875e+01
3.262298965454101562e+01
3.263589096069335938e+01
3.264626693725585938e+01
3.263954925537109375e+01
3.261578750610351562e+01
3.258957290649414062e+01
3.257085418701171875e+01
3.255940246582031250e+01
3.255414199829101562e+01
3.254977416992187500e+01
3.254002380371093750e+01
3.253255462646484375e+01
3.253484725952148438e+01
3.253090286254882812e+01
3.253092956542968750e+01
3.253561401367187500e+01
3.253401184082031250e+01
3.253470611572265625e+01
3.253681182861328125e+01
3.252754211425781250e+01
3.241930007934570312e+01
3.208584976196289062e+01
3.154018020629882812e+01
3.099763488769531250e+01
3.061103630065917969e+01
3.026157760620117188e+01
2.986587333679199219e+01
2.967877006530761719e+01
2.959019279479980469e+01
2.939930152893066406e+01
2.924950027465820312e+01
2.919506645202636719e+01
2.924106216430664062e+01
2.946150779724121094e+01
2.951163101196289062e+01
2.981620979309082031e+01
2.936975479125976562e+01
2.856725120544433594e+01
2.733720970153808594e+01
2.576691055297851562e+01
0.000000000000000000e+00
1.387088775634765625e+01
0.000000000000000000e+00
0.000000000000000000e+00
0.000000000000000000e+00
0.000000000000000000e+00
0.000000000000000000e+00
0.000000000000000000e+00
0.000000000000000000e+00
0.000000000000000000e+00
0.000000000000000000e+00
0.000000000000000000e+00
0.000000000000000000e+00
0.000000000000000000e+00
0.000000000000000000e+00
0.000000000000000000e+00
0.000000000000000000e+00
