3.267461395263671875e+01
3.270385360717773438e+01
3.272922897338867188e+01
3.275253677368164062e+01
3.276777648925781250e+01
3.277389144897460938e+01
3.276830291748046875e+01
3.276126861572265625e+01
3.275189208984375000e+01
3.274256896972656250e+01
3.273607635498046875e+01
3.273234939575195312e+01
3.272961044311523438e+01
3.272860717773437500e+01
3.272669219970703125e+01
3.272086715698242188e+01
3.271674728393554688e+01
3.272375488281250000e+01
3.272554779052734375e+01
3.271727371215820312e+01
3.270957946777343750e+01
3.270502853393554688e+01
3.270173263549804688e+01
3.269531631469726562e+01
3.268356704711914062e+01
3.267933273315429688e+01
3.269412612915039062e+01
3.270849609375000000e+01
3.269976425170898438e+01
3.267531585693359375e+01
3.265738677978515625e+01
3.265294265747070312e+01
3.264118957519531250e+01
3.258659362792968750e+01
3.253723144531250000e+01
3.253284072875976562e+01
3.254685592651367188e+01
3.259872817993164062e+01
3.259751129150390625e+01
3.227942276000976562e+01
3.193394279479980469e+01
3.117506408691406250e+01
3.036487770080566406e+01
2.968809890747070312e+01
2.937278556823730469e+01
2.965789413452148438e+01
3.026818275451660156e+01
3.078789710998535156e+01
3.097888374328613281e+01
3.080354499816894531e+01
2.990737342834472656e+01
2.909062385559082031e+01
2.841006660461425781e+01
2.793259620666503906e+01
2.761963272094726562e+01
2.678512573242187500e+01
2.641721153259277344e+01
2.557520675659179688e+01
2.478524208068847656e+01
2.396043395996093750e+01
0.000000000000000000e+00
0.000000000000000000e+00
7.335211634635925293e-01
0.000000000000000000e+00
0.000000000000000000e+00
0.000000000000000000e+00
0.000000000000000000e+00
0.000000000000000000e+00
0.000000000000000000e+00
0.000000000000000000e+00
