3.278087234497070312e+01
3.276918029785156250e+01
3.274966812133789062e+01
3.272832107543945312e+01
3.270860671997070312e+01
3.269081497192382812e+01
3.267648696899414062e+01
3.266365051269531250e+01
3.265322875976562500e+01
3.264533233642578125e+01
3.264162063598632812e+01
3.264178466796875000e+01
3.264612579345703125e+01
3.265671157836914062e+01
3.267048263549804688e+01
3.267947006225585938e+01
3.268212890625000000e+01
3.269202423095703125e+01
3.269935226440429688e+01
3.269678878784179688e+01
3.269390487670898438e+01
3.268788528442382812e+01
3.268081665039062500e+01
3.267141723632812500e+01
3.265852355957031250e+01
3.265686416625976562e+01
3.267224121093750000e+01
3.268984985351562500e+01
3.269039535522460938e+01
3.267506027221679688e+01
3.265603256225585938e+01
3.264013671875000000e+01
3.263183593750000000e+01
3.263207626342773438e+01
3.263647460937500000e+01
3.264211273193359375e+01
3.264727783203125000e+01
3.265251922607421875e+01
3.264167404174804688e+01
3.253795242309570312e+01
3.215893173217773438e+01
3.112983703613281250e+01
3.050948333740234375e+01
2.975788879394531250e+01
2.910995101928710938e+01
2.896830558776855469e+01
2.884694480895996094e+01
2.878090286254882812e+01
2.865095520019531250e+01
2.841592407226562500e+01
2.811503219604492188e+01
2.761649894714355469e+01
2.726290512084960938e+01
2.739569854736328125e+01
2.730623054504394531e+01
2.686288070678710938e+01
2.623473739624023438e+01
2.237426376342773438e+01
1.016808128356933594e+01
8.201051712036132812e+00
1.159066200256347656e+00
0.000000000000000000e+00
0.000000000000000000e+00
4.692502498626708984e+00
9.947704315185546875e+00
0.000000000000000000e+00
0.000000000000000000e+00
0.000000000000000000e+00
0.000000000000000000e+00
0.000000000000000000e+00
