3.257179260253906250e+01
3.256846237182617188e+01
3.256102371215820312e+01
3.254718780517578125e+01
3.252986145019531250e+01
3.251591873168945312e+01
3.251213073730468750e+01
3.251354980468750000e+01
3.251371002197265625e+01
3.251398849487304688e+01
3.251584625244140625e+01
3.251836395263671875e+01
3.252111434936523438e+01
3.252411651611328125e+01
3.252742767333984375e+01
3.253167724609375000e+01
3.253744125366210938e+01
3.254270935058593750e+01
3.254672622680664062e+01
3.254889678955078125e+01
3.254820632934570312e+01
3.254505538940429688e+01
3.253853607177734375e+01
3.252667617797851562e+01
3.251061630249023438e+01
3.249949264526367188e+01
3.250545120239257812e+01
3.252057266235351562e+01
3.251731491088867188e+01
3.250339126586914062e+01
3.250444793701171875e+01
3.250611877441406250e+01
3.245526504516601562e+01
3.236811065673828125e+01
3.234186172485351562e+01
3.231814193725585938e+01
3.146117973327636719e+01
3.017080116271972656e+01
2.986009025573730469e+01
3.014261245727539062e+01
3.047099494934082031e+01
3.040748786926269531e+01
3.029122734069824219e+01
3.000739288330078125e+01
2.943189811706542969e+01
2.892308425903320312e+01
2.869922256469726562e+01
2.880144119262695312e+01
2.807467651367187500e+01
2.721248435974121094e+01
2.729354858398437500e+01
1.348664188385009766e+01
0.000000000000000000e+00
0.000000000000000000e+00
2.726023101806640625e+01
0.000000000000000000e+00
1.549175620079040527e+00
0.000000000000000000e+00
0.000000000000000000e+00
0.000000000000000000e+00
0.000000000000000000e+00
0.000000000000000000e+00
0.000000000000000000e+00
0.000000000000000000e+00
0.000000000000000000e+00
0.000000000000000000e+00
0.000000000000000000e+00
0.000000000000000000e+00
0.000000000000000000e+00
0.000000000000000000e+00
