3.252405548095703125e+01
3.250973129272460938e+01
3.250090026855468750e+01
3.249887847900390625e+01
3.250474166870117188e+01
3.252000808715820312e+01
3.254062271118164062e+01
3.255693817138671875e+01
3.256893920898437500e+01
3.257950592041015625e+01
3.258996963500976562e+01
3.259964370727539062e+01
3.260908126831054688e+01
3.261922454833984375e+01
3.263144683837890625e+01
3.264522171020507812e+01
3.264748001098632812e+01
3.262926864624023438e+01
3.260103225708007812e+01
3.257736968994140625e+01
3.256044769287109375e+01
3.254998016357421875e+01
3.254446792602539062e+01
3.253753280639648438e+01
3.253027725219726562e+01
3.253467559814453125e+01
3.253757858276367188e+01
3.253325271606445312e+01
3.253304290771484375e+01
3.253361129760742188e+01
3.253499984741210938e+01
3.253236007690429688e+01
3.253584671020507812e+01
3.253105545043945312e+01
3.241278457641601562e+01
3.202137374877929688e+01
3.130557441711425781e+01
3.065622329711914062e+01
3.022259330749511719e+01
2.996454048156738281e+01
2.982715415954589844e+01
2.969593238830566406e+01
2.952972030639648438e+01
2.934185791015625000e+01
2.927223777770996094e+01
2.935368728637695312e+01
2.942826271057128906e+01
2.976075553894042969e+01
2.989429473876953125e+01
2.949911308288574219e+01
2.901220321655273438e+01
2.793980026245117188e+01
2.558773231506347656e+01
1.769038558006286621e+00
2.785575294494628906e+01
1.365113139152526855e+00
2.467418479919433594e+01
0.000000000000000000e+00
0.000000000000000000e+00
0.000000000000000000e+00
0.000000000000000000e+00
0.000000000000000000e+00
0.000000000000000000e+00
0.000000000000000000e+00
0.000000000000000000e+00
0.000000000000000000e+00
0.000000000000000000e+00
0.000000000000000000e+00
0.000000000000000000e+00
0.000000000000000000e+00
