3.255044937133789062e+01
3.253438186645507812e+01
3.251968765258789062e+01
3.250955200195312500e+01
3.250685501098632812e+01
3.251212692260742188e+01
3.252351760864257812e+01
3.253672027587890625e+01
3.254995727539062500e+01
3.256352615356445312e+01
3.257456588745117188e+01
3.258356475830078125e+01
3.259564208984375000e+01
3.261084365844726562e+01
3.262602233886718750e+01
3.263920593261718750e+01
3.265216064453125000e+01
3.265151977539062500e+01
3.262965774536132812e+01
3.260129928588867188e+01
3.257693481445312500e+01
3.255478286743164062e+01
3.253861236572265625e+01
3.253035736083984375e+01
3.252572631835937500e+01
3.252639389038085938e+01
3.253380966186523438e+01
3.254254150390625000e+01
3.254611587524414062e+01
3.254434967041015625e+01
3.253849029541015625e+01
3.252842712402343750e+01
3.252341461181640625e+01
3.253844451904296875e+01
3.255913543701171875e+01
3.251464843750000000e+01
3.218180084228515625e+01
3.133294486999511719e+01
3.065301895141601562e+01
3.025396156311035156e+01
3.001908111572265625e+01
2.987610626220703125e+01
2.978538894653320312e+01
2.959577941894531250e+01
2.943900489807128906e+01
2.941278839111328125e+01
2.980690193176269531e+01
2.995293235778808594e+01
2.963125801086425781e+01
2.964521598815917969e+01
2.909798431396484375e+01
2.877361488342285156e+01
2.356303596496582031e+01
2.688827514648437500e+00
2.883925139904022217e-01
2.792634963989257812e+01
0.000000000000000000e+00
0.000000000000000000e+00
0.000000000000000000e+00
0.000000000000000000e+00
0.000000000000000000e+00
0.000000000000000000e+00
0.000000000000000000e+00
0.000000000000000000e+00
0.000000000000000000e+00
0.000000000000000000e+00
0.000000000000000000e+00
0.000000000000000000e+00
0.000000000000000000e+00
0.000000000000000000e+00
