3.258136749267578125e+01
3.257244110107421875e+01
3.256523513793945312e+01
3.255555343627929688e+01
3.253765869140625000e+01
3.251788711547851562e+01
3.250055313110351562e+01
3.248765945434570312e+01
3.248394393920898438e+01
3.249486541748046875e+01
3.250981140136718750e+01
3.251585388183593750e+01
3.251795196533203125e+01
3.252017974853515625e+01
3.252312850952148438e+01
3.252661514282226562e+01
3.252997207641601562e+01
3.253255462646484375e+01
3.253394317626953125e+01
3.253516006469726562e+01
3.253689193725585938e+01
3.253934860229492188e+01
3.254183578491210938e+01
3.254397201538085938e+01
3.254625320434570312e+01
3.255051422119140625e+01
3.255686569213867188e+01
3.256568908691406250e+01
3.257300949096679688e+01
3.257693099975585938e+01
3.254817962646484375e+01
3.233390808105468750e+01
3.185089874267578125e+01
3.124785995483398438e+01
3.064418601989746094e+01
3.033879852294921875e+01
3.042132377624511719e+01
3.059128379821777344e+01
3.062696266174316406e+01
3.058720016479492188e+01
3.047723388671875000e+01
3.035240364074707031e+01
3.019734191894531250e+01
3.004204368591308594e+01
2.990999412536621094e+01
2.952456283569335938e+01
2.898142433166503906e+01
2.848821830749511719e+01
2.818304252624511719e+01
2.807596588134765625e+01
0.000000000000000000e+00
0.000000000000000000e+00
0.000000000000000000e+00
0.000000000000000000e+00
0.000000000000000000e+00
0.000000000000000000e+00
0.000000000000000000e+00
0.000000000000000000e+00
0.000000000000000000e+00
0.000000000000000000e+00
0.000000000000000000e+00
0.000000000000000000e+00
0.000000000000000000e+00
0.000000000000000000e+00
0.000000000000000000e+00
0.000000000000000000e+00
0.000000000000000000e+00
0.000000000000000000e+00
0.000000000000000000e+00
0.000000000000000000e+00
