3.254253768920898438e+01
3.253367233276367188e+01
3.252275085449218750e+01
3.251236724853515625e+01
3.250503540039062500e+01
3.249840164184570312e+01
3.249214553833007812e+01
3.248857498168945312e+01
3.249010467529296875e+01
3.249991607666015625e+01
3.251771163940429688e+01
3.253998184204101562e+01
3.256128692626953125e+01
3.257799148559570312e+01
3.258724594116210938e+01
3.259276580810546875e+01
3.259306335449218750e+01
3.259077835083007812e+01
3.258617782592773438e+01
3.258024597167968750e+01
3.257324218750000000e+01
3.256452560424804688e+01
3.255475997924804688e+01
3.254663467407226562e+01
3.254257965087890625e+01
3.252793121337890625e+01
3.250749206542968750e+01
3.250421905517578125e+01
3.250301361083984375e+01
3.245995712280273438e+01
3.239023971557617188e+01
3.227783584594726562e+01
3.216335296630859375e+01
3.216582870483398438e+01
3.223706817626953125e+01
3.235945129394531250e+01
3.221093750000000000e+01
3.079514122009277344e+01
3.015490531921386719e+01
2.977666664123535156e+01
2.986309623718261719e+01
3.018816566467285156e+01
3.043103027343750000e+01
3.047510719299316406e+01
3.010627555847167969e+01
2.975869369506835938e+01
2.870746421813964844e+01
2.840451622009277344e+01
2.853712272644042969e+01
2.865505027770996094e+01
2.753283500671386719e+01
2.692148971557617188e+01
2.627087020874023438e+01
2.432428550720214844e+01
2.198822402954101562e+01
0.000000000000000000e+00
0.000000000000000000e+00
0.000000000000000000e+00
0.000000000000000000e+00
0.000000000000000000e+00
0.000000000000000000e+00
0.000000000000000000e+00
0.000000000000000000e+00
0.000000000000000000e+00
0.000000000000000000e+00
0.000000000000000000e+00
0.000000000000000000e+00
0.000000000000000000e+00
0.000000000000000000e+00
0.000000000000000000e+00
