3.256309127807617188e+01
3.254796218872070312e+01
3.253210830688476562e+01
3.251859664916992188e+01
3.251139068603515625e+01
3.251113510131835938e+01
3.251761627197265625e+01
3.252783203125000000e+01
3.253992080688476562e+01
3.255235290527343750e+01
3.256306838989257812e+01
3.257233810424804688e+01
3.258540725708007812e+01
3.260424804687500000e+01
3.262328720092773438e+01
3.263760375976562500e+01
3.265043258666992188e+01
3.265758895874023438e+01
3.264361953735351562e+01
3.261645507812500000e+01
3.258998870849609375e+01
3.256742858886718750e+01
3.254584884643554688e+01
3.253063964843750000e+01
3.252297210693359375e+01
3.252106094360351562e+01
3.252436447143554688e+01
3.253057861328125000e+01
3.253458786010742188e+01
3.253304290771484375e+01
3.252805328369140625e+01
3.252280044555664062e+01
3.252548599243164062e+01
3.253971099853515625e+01
3.256447982788085938e+01
3.255690765380859375e+01
3.241211318969726562e+01
3.178751564025878906e+01
3.101266670227050781e+01
3.054857063293457031e+01
3.021615791320800781e+01
3.004394340515136719e+01
2.998275756835937500e+01
2.976630973815917969e+01
2.959891700744628906e+01
2.963586235046386719e+01
3.009864807128906250e+01
2.975672340393066406e+01
2.938857460021972656e+01
2.959181594848632812e+01
2.931034088134765625e+01
2.933089065551757812e+01
2.913295173645019531e+01
1.846129417419433594e+01
1.245234966278076172e+01
1.283632469177246094e+01
0.000000000000000000e+00
0.000000000000000000e+00
0.000000000000000000e+00
0.000000000000000000e+00
0.000000000000000000e+00
0.000000000000000000e+00
0.000000000000000000e+00
0.000000000000000000e+00
0.000000000000000000e+00
0.000000000000000000e+00
0.000000000000000000e+00
0.000000000000000000e+00
0.000000000000000000e+00
8.665294647216796875e+00
