3.253234481811523438e+01
3.252156066894531250e+01
3.251180648803710938e+01
3.250313949584960938e+01
3.249569702148437500e+01
3.249004745483398438e+01
3.248920822143554688e+01
3.249797821044921875e+01
3.251796722412109375e+01
3.254518127441406250e+01
3.257070922851562500e+01
3.258900833129882812e+01
3.260095977783203125e+01
3.260729217529296875e+01
3.260967254638671875e+01
3.260685348510742188e+01
3.259962844848632812e+01
3.258845520019531250e+01
3.257656478881835938e+01
3.256617355346679688e+01
3.255838394165039062e+01
3.255242919921875000e+01
3.254900360107421875e+01
3.254919815063476562e+01
3.254283523559570312e+01
3.252619934082031250e+01
3.251818466186523438e+01
3.250717926025390625e+01
3.247157287597656250e+01
3.248536682128906250e+01
3.243101119995117188e+01
3.206058120727539062e+01
3.168176460266113281e+01
3.159984970092773438e+01
3.173732757568359375e+01
3.199743652343750000e+01
3.218634796142578125e+01
3.107602310180664062e+01
3.070034980773925781e+01
3.042855072021484375e+01
3.019329643249511719e+01
3.000571060180664062e+01
2.984011077880859375e+01
2.974430465698242188e+01
2.969976425170898438e+01
2.974311256408691406e+01
2.935758018493652344e+01
2.899286651611328125e+01
2.891199493408203125e+01
2.891448974609375000e+01
0.000000000000000000e+00
0.000000000000000000e+00
0.000000000000000000e+00
0.000000000000000000e+00
0.000000000000000000e+00
0.000000000000000000e+00
0.000000000000000000e+00
0.000000000000000000e+00
0.000000000000000000e+00
0.000000000000000000e+00
0.000000000000000000e+00
0.000000000000000000e+00
0.000000000000000000e+00
0.000000000000000000e+00
0.000000000000000000e+00
0.000000000000000000e+00
0.000000000000000000e+00
0.000000000000000000e+00
0.000000000000000000e+00
0.000000000000000000e+00
