3.257551574707031250e+01
3.257041549682617188e+01
3.256563186645507812e+01
3.255668640136718750e+01
3.253900527954101562e+01
3.251742553710937500e+01
3.250102996826171875e+01
3.249285125732421875e+01
3.249914169311523438e+01
3.251007843017578125e+01
3.251426696777343750e+01
3.251616287231445312e+01
3.251890182495117188e+01
3.252253723144531250e+01
3.252739715576171875e+01
3.253180694580078125e+01
3.253532409667968750e+01
3.253796005249023438e+01
3.253959274291992188e+01
3.254009246826171875e+01
3.253929519653320312e+01
3.253767013549804688e+01
3.253445434570312500e+01
3.252930831909179688e+01
3.252392578125000000e+01
3.252220153808593750e+01
3.252837371826171875e+01
3.254115676879882812e+01
3.255686950683593750e+01
3.256878280639648438e+01
3.256204223632812500e+01
3.247282409667968750e+01
3.213686370849609375e+01
3.167627525329589844e+01
3.124751853942871094e+01
3.089398765563964844e+01
3.046052551269531250e+01
3.027860260009765625e+01
3.051007461547851562e+01
3.064830398559570312e+01
3.063298988342285156e+01
3.046646690368652344e+01
3.018438911437988281e+01
3.007442283630371094e+01
2.964308547973632812e+01
2.895135688781738281e+01
2.833732223510742188e+01
2.800736618041992188e+01
2.774209022521972656e+01
2.784008407592773438e+01
1.688037681579589844e+01
0.000000000000000000e+00
0.000000000000000000e+00
2.446211433410644531e+01
1.194619941711425781e+01
7.797333717346191406e+00
0.000000000000000000e+00
0.000000000000000000e+00
0.000000000000000000e+00
0.000000000000000000e+00
0.000000000000000000e+00
0.000000000000000000e+00
0.000000000000000000e+00
0.000000000000000000e+00
0.000000000000000000e+00
0.000000000000000000e+00
0.000000000000000000e+00
0.000000000000000000e+00
0.000000000000000000e+00
0.000000000000000000e+00
