3.263962554931640625e+01
3.261121368408203125e+01
3.258903503417968750e+01
3.257387161254882812e+01
3.256050491333007812e+01
3.254749298095703125e+01
3.253658294677734375e+01
3.253130722045898438e+01
3.253093719482421875e+01
3.253463363647460938e+01
3.254161834716796875e+01
3.255290985107421875e+01
3.256970977783203125e+01
3.259204864501953125e+01
3.261462020874023438e+01
3.263362884521484375e+01
3.265134811401367188e+01
3.266184234619140625e+01
3.266939163208007812e+01
3.266622543334960938e+01
3.264809036254882812e+01
3.262579345703125000e+01
3.260831832885742188e+01
3.260068893432617188e+01
3.259850692749023438e+01
3.259780120849609375e+01
3.259432983398437500e+01
3.259326171875000000e+01
3.259400558471679688e+01
3.259767150878906250e+01
3.260224151611328125e+01
3.260359573364257812e+01
3.259970092773437500e+01
3.259583663940429688e+01
3.259602737426757812e+01
3.259918212890625000e+01
3.259462738037109375e+01
3.257096099853515625e+01
3.250779342651367188e+01
3.239085388183593750e+01
3.218872070312500000e+01
3.170577430725097656e+01
3.135437583923339844e+01
3.116372299194335938e+01
3.095473480224609375e+01
3.101671409606933594e+01
2.991888046264648438e+01
2.921988296508789062e+01
2.943289947509765625e+01
2.954485511779785156e+01
2.948424720764160156e+01
2.940241813659667969e+01
2.897513771057128906e+01
2.838121795654296875e+01
0.000000000000000000e+00
0.000000000000000000e+00
0.000000000000000000e+00
0.000000000000000000e+00
0.000000000000000000e+00
0.000000000000000000e+00
0.000000000000000000e+00
0.000000000000000000e+00
0.000000000000000000e+00
0.000000000000000000e+00
0.000000000000000000e+00
0.000000000000000000e+00
0.000000000000000000e+00
0.000000000000000000e+00
0.000000000000000000e+00
0.000000000000000000e+00
