3.262945938110351562e+01
3.265167617797851562e+01
3.267764663696289062e+01
3.270339584350585938e+01
3.273028564453125000e+01
3.275127029418945312e+01
3.276572418212890625e+01
3.277043533325195312e+01
3.277067947387695312e+01
3.276662445068359375e+01
3.276261520385742188e+01
3.275894165039062500e+01
3.275437927246093750e+01
3.274916839599609375e+01
3.274273300170898438e+01
3.273474121093750000e+01
3.273151779174804688e+01
3.273682403564453125e+01
3.273478698730468750e+01
3.272470855712890625e+01
3.271559143066406250e+01
3.271036148071289062e+01
3.270833587646484375e+01
3.270314788818359375e+01
3.269105148315429688e+01
3.268545532226562500e+01
3.270005416870117188e+01
3.271410369873046875e+01
3.270591354370117188e+01
3.268222427368164062e+01
3.266441345214843750e+01
3.265917205810546875e+01
3.263130950927734375e+01
3.254726409912109375e+01
3.251984786987304688e+01
3.253994750976562500e+01
3.253842163085937500e+01
3.258424377441406250e+01
3.250478363037109375e+01
3.189504241943359375e+01
3.159847068786621094e+01
3.122818565368652344e+01
3.052370452880859375e+01
2.979962158203125000e+01
2.954075241088867188e+01
2.991226005554199219e+01
3.046916007995605469e+01
3.087842941284179688e+01
3.124798774719238281e+01
3.155776977539062500e+01
3.052622222900390625e+01
2.982747840881347656e+01
2.948940849304199219e+01
2.899294853210449219e+01
2.833758163452148438e+01
2.787661743164062500e+01
2.731280136108398438e+01
1.632534980773925781e+01
0.000000000000000000e+00
0.000000000000000000e+00
0.000000000000000000e+00
0.000000000000000000e+00
0.000000000000000000e+00
0.000000000000000000e+00
0.000000000000000000e+00
0.000000000000000000e+00
0.000000000000000000e+00
0.000000000000000000e+00
0.000000000000000000e+00
0.000000000000000000e+00
