3.256927108764648438e+01
3.256253433227539062e+01
3.255286407470703125e+01
3.253842926025390625e+01
3.252473449707031250e+01
3.251715469360351562e+01
3.251547241210937500e+01
3.251425552368164062e+01
3.251329040527343750e+01
3.251378631591796875e+01
3.251516723632812500e+01
3.251625442504882812e+01
3.251691818237304688e+01
3.251878738403320312e+01
3.252300262451171875e+01
3.252990341186523438e+01
3.253781890869140625e+01
3.254514694213867188e+01
3.255009841918945312e+01
3.255270767211914062e+01
3.255279922485351562e+01
3.254977798461914062e+01
3.254377365112304688e+01
3.253210830688476562e+01
3.251398086547851562e+01
3.249710464477539062e+01
3.249384307861328125e+01
3.250298309326171875e+01
3.250116729736328125e+01
3.249362564086914062e+01
3.250169372558593750e+01
3.252416992187500000e+01
3.254590225219726562e+01
3.255551147460937500e+01
3.254332351684570312e+01
3.235979080200195312e+01
3.127510833740234375e+01
3.003051185607910156e+01
2.970636558532714844e+01
2.991125488281250000e+01
3.031222915649414062e+01
3.044429969787597656e+01
3.036223983764648438e+01
3.009632682800292969e+01
2.959336090087890625e+01
2.911328315734863281e+01
2.893347930908203125e+01
2.886975669860839844e+01
2.785966873168945312e+01
2.724079895019531250e+01
1.363932418823242188e+01
2.323322868347167969e+01
0.000000000000000000e+00
0.000000000000000000e+00
0.000000000000000000e+00
2.712558937072753906e+01
1.660603523254394531e+00
0.000000000000000000e+00
0.000000000000000000e+00
0.000000000000000000e+00
0.000000000000000000e+00
0.000000000000000000e+00
0.000000000000000000e+00
0.000000000000000000e+00
0.000000000000000000e+00
0.000000000000000000e+00
0.000000000000000000e+00
0.000000000000000000e+00
0.000000000000000000e+00
0.000000000000000000e+00
