3.254198837280273438e+01
3.253514099121093750e+01
3.252939987182617188e+01
3.252236175537109375e+01
3.251543807983398438e+01
3.250971603393554688e+01
3.250524139404296875e+01
3.250018310546875000e+01
3.249543380737304688e+01
3.249279403686523438e+01
3.249521636962890625e+01
3.250271987915039062e+01
3.251413345336914062e+01
3.252692031860351562e+01
3.253889846801757812e+01
3.255007171630859375e+01
3.255897521972656250e+01
3.256584167480468750e+01
3.257040786743164062e+01
3.257257461547851562e+01
3.257165145874023438e+01
3.256710433959960938e+01
3.255826568603515625e+01
3.254867935180664062e+01
3.253903579711914062e+01
3.252111816406250000e+01
3.249456405639648438e+01
3.247950363159179688e+01
3.248355484008789062e+01
3.250333023071289062e+01
3.251729965209960938e+01
3.250769424438476562e+01
3.249259185791015625e+01
3.249228286743164062e+01
3.251408386230468750e+01
3.241888809204101562e+01
3.080098915100097656e+01
3.014548873901367188e+01
2.987365150451660156e+01
2.974421119689941406e+01
2.995770645141601562e+01
3.031615447998046875e+01
3.058834838867187500e+01
3.049551963806152344e+01
3.019718933105468750e+01
2.940826797485351562e+01
2.829232215881347656e+01
2.752665328979492188e+01
2.733970832824707031e+01
2.771910858154296875e+01
0.000000000000000000e+00
0.000000000000000000e+00
0.000000000000000000e+00
2.666004371643066406e+01
0.000000000000000000e+00
0.000000000000000000e+00
2.622318267822265625e+01
0.000000000000000000e+00
0.000000000000000000e+00
0.000000000000000000e+00
0.000000000000000000e+00
0.000000000000000000e+00
0.000000000000000000e+00
0.000000000000000000e+00
0.000000000000000000e+00
0.000000000000000000e+00
0.000000000000000000e+00
0.000000000000000000e+00
0.000000000000000000e+00
0.000000000000000000e+00
