3.275301361083984375e+01
3.273099517822265625e+01
3.271014404296875000e+01
3.269235229492187500e+01
3.267704010009765625e+01
3.266357040405273438e+01
3.264947509765625000e+01
3.263648223876953125e+01
3.262665176391601562e+01
3.261981201171875000e+01
3.261734771728515625e+01
3.261921691894531250e+01
3.262539672851562500e+01
3.263776397705078125e+01
3.265477371215820312e+01
3.266788101196289062e+01
3.267346572875976562e+01
3.268470764160156250e+01
3.269182968139648438e+01
3.269105911254882812e+01
3.268894958496093750e+01
3.268130111694335938e+01
3.267284393310546875e+01
3.266117858886718750e+01
3.264841461181640625e+01
3.264847564697265625e+01
3.266430282592773438e+01
3.268209838867187500e+01
3.268656921386718750e+01
3.267646408081054688e+01
3.265999603271484375e+01
3.264208602905273438e+01
3.262884902954101562e+01
3.262331771850585938e+01
3.262466430664062500e+01
3.263068008422851562e+01
3.263829803466796875e+01
3.264571762084960938e+01
3.264523696899414062e+01
3.257989883422851562e+01
3.228112411499023438e+01
3.136286926269531250e+01
3.077242660522460938e+01
3.025599670410156250e+01
2.933648300170898438e+01
2.899650764465332031e+01
2.896811103820800781e+01
2.900941848754882812e+01
2.907332611083984375e+01
2.909431266784667969e+01
2.889906501770019531e+01
2.838046073913574219e+01
2.752327728271484375e+01
2.757656097412109375e+01
1.937292289733886719e+01
2.675417327880859375e+01
2.631232070922851562e+01
6.378339767456054688e+00
0.000000000000000000e+00
8.619498252868652344e+00
0.000000000000000000e+00
0.000000000000000000e+00
0.000000000000000000e+00
0.000000000000000000e+00
2.533141517639160156e+01
0.000000000000000000e+00
0.000000000000000000e+00
0.000000000000000000e+00
0.000000000000000000e+00
0.000000000000000000e+00
