3.254236984252929688e+01
3.253536224365234375e+01
3.252534484863281250e+01
3.251531982421875000e+01
3.250766754150390625e+01
3.250178146362304688e+01
3.249592590332031250e+01
3.249065399169921875e+01
3.248884963989257812e+01
3.249301528930664062e+01
3.250422668457031250e+01
3.252272796630859375e+01
3.254284286499023438e+01
3.255963134765625000e+01
3.257231521606445312e+01
3.258063888549804688e+01
3.258534622192382812e+01
3.258666229248046875e+01
3.258461761474609375e+01
3.258100128173828125e+01
3.257560729980468750e+01
3.256806945800781250e+01
3.255804061889648438e+01
3.254810714721679688e+01
3.254184341430664062e+01
3.252730941772460938e+01
3.250367736816406250e+01
3.249565505981445312e+01
3.250531005859375000e+01
3.249190139770507812e+01
3.243789291381835938e+01
3.237710189819335938e+01
3.232540130615234375e+01
3.231487274169921875e+01
3.236769866943359375e+01
3.244713211059570312e+01
3.184721755981445312e+01
3.063786125183105469e+01
3.007878303527832031e+01
2.976086044311523438e+01
2.991326904296875000e+01
3.026752281188964844e+01
3.051435470581054688e+01
3.052995300292968750e+01
3.015575790405273438e+01
2.947852706909179688e+01
2.839710617065429688e+01
2.813261413574218750e+01
2.810078620910644531e+01
2.762712097167968750e+01
2.725218009948730469e+01
0.000000000000000000e+00
2.622761344909667969e+01
2.504060173034667969e+01
2.407755470275878906e+01
0.000000000000000000e+00
0.000000000000000000e+00
0.000000000000000000e+00
0.000000000000000000e+00
0.000000000000000000e+00
0.000000000000000000e+00
0.000000000000000000e+00
0.000000000000000000e+00
0.000000000000000000e+00
0.000000000000000000e+00
0.000000000000000000e+00
0.000000000000000000e+00
0.000000000000000000e+00
0.000000000000000000e+00
0.000000000000000000e+00
