3.255417251586914062e+01
3.254327392578125000e+01
3.253361892700195312e+01
3.252624511718750000e+01
3.252197265625000000e+01
3.251749420166015625e+01
3.251279830932617188e+01
3.250968933105468750e+01
3.250843429565429688e+01
3.250604629516601562e+01
3.250323867797851562e+01
3.250234222412109375e+01
3.250512313842773438e+01
3.251179504394531250e+01
3.252041625976562500e+01
3.253053665161132812e+01
3.254061889648437500e+01
3.254887390136718750e+01
3.255567550659179688e+01
3.256011581420898438e+01
3.256154251098632812e+01
3.255854797363281250e+01
3.255249404907226562e+01
3.254426193237304688e+01
3.252996826171875000e+01
3.250659179687500000e+01
3.248536682128906250e+01
3.247728729248046875e+01
3.247743606567382812e+01
3.248490905761718750e+01
3.250568008422851562e+01
3.253270339965820312e+01
3.255456924438476562e+01
3.256944656372070312e+01
3.257349777221679688e+01
3.220789718627929688e+01
3.072587013244628906e+01
2.983292198181152344e+01
2.961890220642089844e+01
2.972242736816406250e+01
3.002572441101074219e+01
3.037823295593261719e+01
3.053336143493652344e+01
3.032703399658203125e+01
2.999574470520019531e+01
2.942978477478027344e+01
2.894356727600097656e+01
2.798670768737792969e+01
2.732540321350097656e+01
2.275388526916503906e+01
0.000000000000000000e+00
0.000000000000000000e+00
0.000000000000000000e+00
0.000000000000000000e+00
2.514920043945312500e+01
0.000000000000000000e+00
0.000000000000000000e+00
0.000000000000000000e+00
0.000000000000000000e+00
0.000000000000000000e+00
0.000000000000000000e+00
0.000000000000000000e+00
0.000000000000000000e+00
0.000000000000000000e+00
0.000000000000000000e+00
0.000000000000000000e+00
0.000000000000000000e+00
0.000000000000000000e+00
0.000000000000000000e+00
0.000000000000000000e+00
