3.254152679443359375e+01
3.253512954711914062e+01
3.252789688110351562e+01
3.251898193359375000e+01
3.251105499267578125e+01
3.250542068481445312e+01
3.250049591064453125e+01
3.249494171142578125e+01
3.249069976806640625e+01
3.249052810668945312e+01
3.249716949462890625e+01
3.250980758666992188e+01
3.252720260620117188e+01
3.254177474975585938e+01
3.255415725708007812e+01
3.256483459472656250e+01
3.257269668579101562e+01
3.257731628417968750e+01
3.257891464233398438e+01
3.257833099365234375e+01
3.257498168945312500e+01
3.256880569458007812e+01
3.255907821655273438e+01
3.254864120483398438e+01
3.254091262817382812e+01
3.252481460571289062e+01
3.249899291992187500e+01
3.248628997802734375e+01
3.249521255493164062e+01
3.250817489624023438e+01
3.249085998535156250e+01
3.244926834106445312e+01
3.242199707031250000e+01
3.242531204223632812e+01
3.245634841918945312e+01
3.248947143554687500e+01
3.124501228332519531e+01
3.040599632263183594e+01
2.999908447265625000e+01
2.975691986083984375e+01
2.993783760070800781e+01
3.030331230163574219e+01
3.057340621948242188e+01
3.052058029174804688e+01
3.021667480468750000e+01
2.935460472106933594e+01
2.823906707763671875e+01
2.772571754455566406e+01
2.746746826171875000e+01
2.751196861267089844e+01
0.000000000000000000e+00
0.000000000000000000e+00
1.086386871337890625e+01
2.614910507202148438e+01
1.903159904479980469e+01
2.562674331665039062e+01
1.531924438476562500e+01
0.000000000000000000e+00
0.000000000000000000e+00
0.000000000000000000e+00
0.000000000000000000e+00
0.000000000000000000e+00
0.000000000000000000e+00
0.000000000000000000e+00
0.000000000000000000e+00
0.000000000000000000e+00
0.000000000000000000e+00
0.000000000000000000e+00
0.000000000000000000e+00
0.000000000000000000e+00
