3.277797698974609375e+01
3.278249359130859375e+01
3.277734375000000000e+01
3.276526641845703125e+01
3.274641799926757812e+01
3.272705078125000000e+01
3.270969390869140625e+01
3.269552230834960938e+01
3.268404388427734375e+01
3.267520141601562500e+01
3.267014694213867188e+01
3.266810607910156250e+01
3.267153549194335938e+01
3.267994689941406250e+01
3.268892669677734375e+01
3.269287490844726562e+01
3.269211196899414062e+01
3.270068359375000000e+01
3.270745849609375000e+01
3.270313644409179688e+01
3.269878387451171875e+01
3.269366836547851562e+01
3.268795394897460938e+01
3.268025588989257812e+01
3.266793060302734375e+01
3.266521072387695312e+01
3.268028259277343750e+01
3.269654846191406250e+01
3.269273757934570312e+01
3.267295074462890625e+01
3.265341949462890625e+01
3.264160919189453125e+01
3.263964080810546875e+01
3.264260482788085938e+01
3.264357376098632812e+01
3.263934326171875000e+01
3.264089202880859375e+01
3.265515899658203125e+01
3.262847137451171875e+01
3.250777435302734375e+01
3.212411880493164062e+01
3.103208732604980469e+01
3.032609939575195312e+01
2.952519035339355469e+01
2.912669944763183594e+01
2.903706359863281250e+01
2.902601814270019531e+01
2.907254791259765625e+01
2.880155181884765625e+01
2.842804145812988281e+01
2.800073432922363281e+01
2.751766014099121094e+01
2.727199554443359375e+01
2.728990745544433594e+01
2.725817298889160156e+01
2.703297042846679688e+01
2.187778854370117188e+01
2.520770645141601562e+01
2.438867568969726562e+01
2.381659126281738281e+01
2.288461685180664062e+01
0.000000000000000000e+00
0.000000000000000000e+00
2.511386680603027344e+01
0.000000000000000000e+00
0.000000000000000000e+00
0.000000000000000000e+00
0.000000000000000000e+00
0.000000000000000000e+00
0.000000000000000000e+00
