3.249956893920898438e+01
3.249114227294921875e+01
3.248764038085937500e+01
3.248936843872070312e+01
3.249922180175781250e+01
3.252023315429687500e+01
3.255026245117187500e+01
3.257534408569335938e+01
3.259024047851562500e+01
3.259984588623046875e+01
3.260736083984375000e+01
3.261545181274414062e+01
3.262446212768554688e+01
3.263382339477539062e+01
3.263839721679687500e+01
3.263062667846679688e+01
3.261028289794921875e+01
3.258742523193359375e+01
3.257205581665039062e+01
3.256439208984375000e+01
3.256079864501953125e+01
3.255833435058593750e+01
3.255199050903320312e+01
3.254061508178710938e+01
3.253282165527343750e+01
3.252912902832031250e+01
3.252069854736328125e+01
3.252176284790039062e+01
3.252796936035156250e+01
3.254189300537109375e+01
3.253474807739257812e+01
3.239577865600585938e+01
3.194103813171386719e+01
3.136469650268554688e+01
3.103234481811523438e+01
3.100254440307617188e+01
3.117602539062500000e+01
3.125242614746093750e+01
3.106899833679199219e+01
3.044054794311523438e+01
2.983725738525390625e+01
2.961156845092773438e+01
2.934951972961425781e+01
2.939952850341796875e+01
2.945024299621582031e+01
2.937345886230468750e+01
2.948813629150390625e+01
2.951428413391113281e+01
2.911369895935058594e+01
2.811567115783691406e+01
2.785033607482910156e+01
8.389765739440917969e+00
0.000000000000000000e+00
0.000000000000000000e+00
2.734803390502929688e+01
0.000000000000000000e+00
0.000000000000000000e+00
0.000000000000000000e+00
0.000000000000000000e+00
0.000000000000000000e+00
0.000000000000000000e+00
0.000000000000000000e+00
0.000000000000000000e+00
0.000000000000000000e+00
0.000000000000000000e+00
0.000000000000000000e+00
0.000000000000000000e+00
0.000000000000000000e+00
0.000000000000000000e+00
0.000000000000000000e+00
