3.273460388183593750e+01
3.275612258911132812e+01
3.277131652832031250e+01
3.277704238891601562e+01
3.277375411987304688e+01
3.276036071777343750e+01
3.274537277221679688e+01
3.273132705688476562e+01
3.271903228759765625e+01
3.270944595336914062e+01
3.270285034179687500e+01
3.269962692260742188e+01
3.270030212402343750e+01
3.270486450195312500e+01
3.270823287963867188e+01
3.270684051513671875e+01
3.270389175415039062e+01
3.271148681640625000e+01
3.271607589721679688e+01
3.270987319946289062e+01
3.270394515991210938e+01
3.269945907592773438e+01
3.269488525390625000e+01
3.268797683715820312e+01
3.267617797851562500e+01
3.267274475097656250e+01
3.268757247924804688e+01
3.270275497436523438e+01
3.269544219970703125e+01
3.267262268066406250e+01
3.265362548828125000e+01
3.264675140380859375e+01
3.264610671997070312e+01
3.263447570800781250e+01
3.260522079467773438e+01
3.258082962036132812e+01
3.259135437011718750e+01
3.263714218139648438e+01
3.261461639404296875e+01
3.247078323364257812e+01
3.212685775756835938e+01
3.107339859008789062e+01
3.028603553771972656e+01
2.956628417968750000e+01
2.921857070922851562e+01
2.931171607971191406e+01
2.970656776428222656e+01
3.017943954467773438e+01
2.995919227600097656e+01
2.951820373535156250e+01
2.885272407531738281e+01
2.820019531250000000e+01
2.764845466613769531e+01
2.739130020141601562e+01
2.719320106506347656e+01
2.676446151733398438e+01
2.595876502990722656e+01
2.528178405761718750e+01
2.274722290039062500e+01
2.349974060058593750e+01
2.276416778564453125e+01
2.095960235595703125e+01
1.496769332885742188e+01
0.000000000000000000e+00
0.000000000000000000e+00
0.000000000000000000e+00
0.000000000000000000e+00
0.000000000000000000e+00
0.000000000000000000e+00
0.000000000000000000e+00
