3.267100143432617188e+01
3.266196823120117188e+01
3.264549255371093750e+01
3.262442779541015625e+01
3.260506820678710938e+01
3.258884048461914062e+01
3.257536697387695312e+01
3.256467819213867188e+01
3.255892562866210938e+01
3.255810165405273438e+01
3.256126022338867188e+01
3.256955718994140625e+01
3.258347702026367188e+01
3.260271072387695312e+01
3.262397384643554688e+01
3.264119720458984375e+01
3.265499496459960938e+01
3.266886138916015625e+01
3.267456817626953125e+01
3.267779922485351562e+01
3.266950607299804688e+01
3.265454864501953125e+01
3.263725280761718750e+01
3.262294006347656250e+01
3.261859130859375000e+01
3.262433242797851562e+01
3.263581085205078125e+01
3.264713287353515625e+01
3.265373992919921875e+01
3.265489959716796875e+01
3.265067291259765625e+01
3.263953018188476562e+01
3.262549209594726562e+01
3.261365127563476562e+01
3.260654830932617188e+01
3.260884475708007812e+01
3.261723327636718750e+01
3.262134170532226562e+01
3.261203765869140625e+01
3.257761383056640625e+01
3.249898529052734375e+01
3.202860641479492188e+01
3.137206649780273438e+01
3.134424209594726562e+01
3.126098251342773438e+01
3.024842071533203125e+01
2.910556411743164062e+01
2.930834579467773438e+01
2.953816986083984375e+01
2.954077148437500000e+01
2.946495056152343750e+01
2.898577499389648438e+01
2.840378952026367188e+01
2.804832649230957031e+01
0.000000000000000000e+00
0.000000000000000000e+00
0.000000000000000000e+00
0.000000000000000000e+00
0.000000000000000000e+00
0.000000000000000000e+00
0.000000000000000000e+00
0.000000000000000000e+00
0.000000000000000000e+00
0.000000000000000000e+00
0.000000000000000000e+00
0.000000000000000000e+00
0.000000000000000000e+00
0.000000000000000000e+00
0.000000000000000000e+00
0.000000000000000000e+00
