3.252196502685546875e+01
3.250975418090820312e+01
3.250065231323242188e+01
3.249290847778320312e+01
3.248858642578125000e+01
3.248928451538085938e+01
3.249896240234375000e+01
3.251969909667968750e+01
3.254602813720703125e+01
3.257227325439453125e+01
3.259157943725585938e+01
3.260511398315429688e+01
3.261425781250000000e+01
3.261838531494140625e+01
3.261764907836914062e+01
3.261070632934570312e+01
3.259876251220703125e+01
3.258372497558593750e+01
3.256985092163085938e+01
3.256035614013671875e+01
3.255454254150390625e+01
3.255204391479492188e+01
3.255360412597656250e+01
3.255242156982421875e+01
3.254054260253906250e+01
3.252723693847656250e+01
3.252219772338867188e+01
3.250010681152343750e+01
3.248078155517578125e+01
3.251153182983398438e+01
3.248968124389648438e+01
3.200646209716796875e+01
3.152706527709960938e+01
3.149737167358398438e+01
3.155473899841308594e+01
3.177179908752441406e+01
3.190606117248535156e+01
3.148891258239746094e+01
3.117323684692382812e+01
3.114754867553710938e+01
3.115158462524414062e+01
3.026886940002441406e+01
3.000526237487792969e+01
2.969134521484375000e+01
2.939858627319335938e+01
2.953113174438476562e+01
2.906218719482421875e+01
2.887169075012207031e+01
2.889870834350585938e+01
0.000000000000000000e+00
1.308326148986816406e+01
1.832099151611328125e+01
0.000000000000000000e+00
4.398294925689697266e+00
0.000000000000000000e+00
0.000000000000000000e+00
0.000000000000000000e+00
0.000000000000000000e+00
0.000000000000000000e+00
0.000000000000000000e+00
0.000000000000000000e+00
0.000000000000000000e+00
0.000000000000000000e+00
0.000000000000000000e+00
0.000000000000000000e+00
0.000000000000000000e+00
0.000000000000000000e+00
0.000000000000000000e+00
0.000000000000000000e+00
0.000000000000000000e+00
