3.252816772460937500e+01
3.251572036743164062e+01
3.250594711303710938e+01
3.249773788452148438e+01
3.249141311645507812e+01
3.248837280273437500e+01
3.249286651611328125e+01
3.250719833374023438e+01
3.253288269042968750e+01
3.256019592285156250e+01
3.258266067504882812e+01
3.259825897216796875e+01
3.260787200927734375e+01
3.261304092407226562e+01
3.261384963989257812e+01
3.260910797119140625e+01
3.259941101074218750e+01
3.258638763427734375e+01
3.257287979125976562e+01
3.256245422363281250e+01
3.255539321899414062e+01
3.255138778686523438e+01
3.255078125000000000e+01
3.255138015747070312e+01
3.254174423217773438e+01
3.252666091918945312e+01
3.252095413208007812e+01
3.250269317626953125e+01
3.247588729858398438e+01
3.250812911987304688e+01
3.247190856933593750e+01
3.202801895141601562e+01
3.159110450744628906e+01
3.151402854919433594e+01
3.160425376892089844e+01
3.185625267028808594e+01
3.203903579711914062e+01
3.129759407043457031e+01
3.090191841125488281e+01
3.086863327026367188e+01
3.057792854309082031e+01
3.020856475830078125e+01
2.998113632202148438e+01
2.964441871643066406e+01
2.946663284301757812e+01
2.967196464538574219e+01
2.914564514160156250e+01
2.887620544433593750e+01
2.887580490112304688e+01
0.000000000000000000e+00
0.000000000000000000e+00
7.225980281829833984e+00
0.000000000000000000e+00
0.000000000000000000e+00
0.000000000000000000e+00
0.000000000000000000e+00
0.000000000000000000e+00
0.000000000000000000e+00
0.000000000000000000e+00
0.000000000000000000e+00
0.000000000000000000e+00
0.000000000000000000e+00
0.000000000000000000e+00
0.000000000000000000e+00
0.000000000000000000e+00
0.000000000000000000e+00
0.000000000000000000e+00
0.000000000000000000e+00
0.000000000000000000e+00
0.000000000000000000e+00
