3.257354736328125000e+01
3.256976318359375000e+01
3.256555175781250000e+01
3.255606460571289062e+01
3.253791809082031250e+01
3.251710128784179688e+01
3.250252914428710938e+01
3.250004959106445312e+01
3.250796127319335938e+01
3.251287460327148438e+01
3.251432037353515625e+01
3.251678848266601562e+01
3.252027130126953125e+01
3.252458572387695312e+01
3.252902984619140625e+01
3.253305435180664062e+01
3.253643417358398438e+01
3.253957366943359375e+01
3.254172515869140625e+01
3.254253005981445312e+01
3.254183959960937500e+01
3.253899383544921875e+01
3.253388595581054688e+01
3.252573394775390625e+01
3.251719665527343750e+01
3.251380538940429688e+01
3.252254867553710938e+01
3.253890991210937500e+01
3.255254364013671875e+01
3.255224227905273438e+01
3.253099822998046875e+01
3.243847656250000000e+01
3.212308502197265625e+01
3.174728202819824219e+01
3.150187110900878906e+01
3.136814689636230469e+01
3.085696601867675781e+01
3.024414634704589844e+01
3.028256607055664062e+01
3.057492065429687500e+01
3.062057113647460938e+01
3.042381858825683594e+01
3.021871948242187500e+01
3.001017951965332031e+01
2.945004463195800781e+01
2.880369377136230469e+01
2.834262466430664062e+01
2.815203094482421875e+01
2.764302825927734375e+01
2.755646514892578125e+01
2.779773330688476562e+01
2.774098968505859375e+01
2.420150375366210938e+01
1.267596054077148438e+01
0.000000000000000000e+00
2.749317550659179688e+01
0.000000000000000000e+00
0.000000000000000000e+00
0.000000000000000000e+00
0.000000000000000000e+00
0.000000000000000000e+00
0.000000000000000000e+00
0.000000000000000000e+00
0.000000000000000000e+00
0.000000000000000000e+00
0.000000000000000000e+00
0.000000000000000000e+00
0.000000000000000000e+00
0.000000000000000000e+00
0.000000000000000000e+00
