3.257889556884765625e+01
3.257194137573242188e+01
3.256566238403320312e+01
3.255615234375000000e+01
3.253833389282226562e+01
3.251810455322265625e+01
3.250046920776367188e+01
3.248937988281250000e+01
3.249010467529296875e+01
3.250352478027343750e+01
3.251316833496093750e+01
3.251628494262695312e+01
3.251811981201171875e+01
3.252100372314453125e+01
3.252530288696289062e+01
3.252947616577148438e+01
3.253310012817382812e+01
3.253560256958007812e+01
3.253689575195312500e+01
3.253724288940429688e+01
3.253715896606445312e+01
3.253754806518554688e+01
3.253683471679687500e+01
3.253505706787109375e+01
3.253311920166015625e+01
3.253384399414062500e+01
3.253885650634765625e+01
3.254993438720703125e+01
3.256332397460937500e+01
3.257485580444335938e+01
3.257185745239257812e+01
3.246469879150390625e+01
3.211093521118164062e+01
3.158301734924316406e+01
3.099295043945312500e+01
3.050468063354492188e+01
3.029930686950683594e+01
3.044307518005371094e+01
3.062580108642578125e+01
3.064847564697265625e+01
3.058285903930664062e+01
3.041499710083007812e+01
3.024004554748535156e+01
3.004768371582031250e+01
2.984837532043457031e+01
2.921733093261718750e+01
2.858869171142578125e+01
2.813658523559570312e+01
2.793030548095703125e+01
2.793797683715820312e+01
0.000000000000000000e+00
0.000000000000000000e+00
0.000000000000000000e+00
0.000000000000000000e+00
2.380068969726562500e+01
0.000000000000000000e+00
0.000000000000000000e+00
0.000000000000000000e+00
0.000000000000000000e+00
0.000000000000000000e+00
0.000000000000000000e+00
0.000000000000000000e+00
0.000000000000000000e+00
0.000000000000000000e+00
0.000000000000000000e+00
0.000000000000000000e+00
0.000000000000000000e+00
0.000000000000000000e+00
0.000000000000000000e+00
0.000000000000000000e+00
