3.271201324462890625e+01
3.269440078735351562e+01
3.268042755126953125e+01
3.266814804077148438e+01
3.265571212768554688e+01
3.264079284667968750e+01
3.262540054321289062e+01
3.261192703247070312e+01
3.260235595703125000e+01
3.259698867797851562e+01
3.259627532958984375e+01
3.259970092773437500e+01
3.260816574096679688e+01
3.262284469604492188e+01
3.264174270629882812e+01
3.265732574462890625e+01
3.266558456420898438e+01
3.267841339111328125e+01
3.268486404418945312e+01
3.268618774414062500e+01
3.268325424194335938e+01
3.267360305786132812e+01
3.266345596313476562e+01
3.264965438842773438e+01
3.263792037963867188e+01
3.264028549194335938e+01
3.265581130981445312e+01
3.267281341552734375e+01
3.268003845214843750e+01
3.267486953735351562e+01
3.266231536865234375e+01
3.264525985717773438e+01
3.262908935546875000e+01
3.261892700195312500e+01
3.261626815795898438e+01
3.262097549438476562e+01
3.262985610961914062e+01
3.263911056518554688e+01
3.263949203491210938e+01
3.260393905639648438e+01
3.241201019287109375e+01
3.166722679138183594e+01
3.103608322143554688e+01
3.090859222412109375e+01
3.002592658996582031e+01
2.907094383239746094e+01
2.904938316345214844e+01
2.918748664855957031e+01
2.936290931701660156e+01
2.945344924926757812e+01
2.927254486083984375e+01
2.874671173095703125e+01
2.784037208557128906e+01
2.771110153198242188e+01
0.000000000000000000e+00
0.000000000000000000e+00
3.650774478912353516e+00
2.687299156188964844e+01
0.000000000000000000e+00
0.000000000000000000e+00
1.933591651916503906e+01
0.000000000000000000e+00
0.000000000000000000e+00
0.000000000000000000e+00
0.000000000000000000e+00
2.489518547058105469e+01
0.000000000000000000e+00
0.000000000000000000e+00
0.000000000000000000e+00
0.000000000000000000e+00
